0.200	7.480	1.212101.350	43.537
0.290	7.990	1.803125.150	53.316
0.270	9.010	1.884132.690	53.322
0.360	9.550	2.247146.930	59.847
0.450	8.980	2.649162.000	69.740
0.490	9.610	3.053178.590	67.718
0.420	10.700	3.176181.100	59.566
0.480	11.000	3.758188.860	65.555
0.420	11.940	3.029189.830	73.430
0.470	11.600	4.310209.010	83.546
0.570	12.200	4.128228.750	80.256
0.550	12.640	4.828237.360	74.081
0.510	13.340	4.332239.540	73.399
0.570	13.240	5.333254.600	90.967
0.630	13.430	5.516264.140	79.432
0.650	13.390	5.990285.080	98.433
