0.330	8.760	2.127137.960	60.811
0.200	9.260	1.759124.640	53.425
0.280	8.750	2.334135.290	54.935
0.380	8.550	2.170142.760	58.414
0.360	8.710	2.061132.780	57.248
0.350	8.700	2.066130.970	49.575
0.360	8.680	2.097133.320	51.179
0.320	8.990	1.758133.170	52.509
0.370	8.750	1.956150.270	54.979
0.320	8.690	2.162133.490	59.536
0.260	9.190	1.730131.950	58.602
0.310	8.990	1.780128.510	59.843
0.430	8.450	2.193143.560	61.943
0.300	8.840	2.014131.910	52.348
0.400	8.580	2.079132.560	55.667
0.330	8.700	2.037136.290	53.238
0.280	8.970	1.905134.440	64.795
0.380	8.720	2.040144.540	72.803
0.270	8.900	2.007133.580	54.277
0.240	9.090	1.980137.070	58.310
0.300	8.890	1.964133.790	55.704
